26.043861900048796 Training_Time (s)
2.5517505000461824 Test_time (s)
86.8734386774949 Kappa accuracy (%)
88.579644654411 Overall accuracy (%)
69.42381765708899 Average accuracy (%)
[ 45.45454545  87.98820929  86.69201521  56.44444444  98.47494553
  98.12409812   0.         100.           0.          91.11592633
  97.81303602  47.42451155  95.38461538  97.42096506  61.85286104
  46.59090909] Each accuracy (%)
                              precision    recall  f1-score   support

                     Alfalfa     1.0000    0.4545    0.6250        44
                 Corn-notill     0.8468    0.8799    0.8630      1357
                Corn-mintill     0.8769    0.8669    0.8719       789
                        Corn     1.0000    0.5644    0.7216       225
               Grass-pasture     0.9358    0.9847    0.9597       459
                 Grass-trees     0.7649    0.9812    0.8597       693
         Grass-pasture-mowed     0.0000    0.0000    0.0000        27
               Hay-windrowed     0.9806    1.0000    0.9902       454
                        Oats     0.0000    0.0000    0.0000        19
              Soybean-notill     0.9334    0.9112    0.9221       923
             Soybean-mintill     0.8660    0.9781    0.9186      2332
               Soybean-clean     0.7717    0.4742    0.5875       563
                       Wheat     0.8230    0.9538    0.8836       195
                       Woods     0.9941    0.9742    0.9840      1202
Buildings-Grass-Trees-Drives     0.9956    0.6185    0.7630       367
          Stone-Steel-Towers     0.7885    0.4659    0.5857        88

                    accuracy                         0.8858      9737
                   macro avg     0.7861    0.6942    0.7210      9737
                weighted avg     0.8853    0.8858    0.8776      9737

[[  20    0    0    0    0    2    0    2    0    0    0    0   20    0
     0    0]
 [   0 1194    1    0    3   12    0    3    0   19  119    1    1    4
     0    0]
 [   0    4  684    0   12    1    0    0    0    0   72    0   16    0
     0    0]
 [   0   44   24  127    0    9    0    0    0    0    0   18    0    2
     0    1]
 [   0    0    0    0  452    5    0    0    0    0    0    1    0    1
     0    0]
 [   0    5    0    0    0  680    0    0    0    0    8    0    0    0
     0    0]
 [   0    0    0    0    7    0    0    4    0    0    0   15    1    0
     0    0]
 [   0    0    0    0    0    0    0  454    0    0    0    0    0    0
     0    0]
 [   0    0   10    0    7    0    0    0    0    0    2    0    0    0
     0    0]
 [   0   49    5    0    0    4    0    0    0  841   24    0    0    0
     0    0]
 [   0   13    2    0    2   30    0    0    0    4 2281    0    0    0
     0    0]
 [   0   97   54    0    0    7    0    0    0   37   99  267    0    0
     1    1]
 [   0    0    0    0    0    0    0    0    0    0    9    0  186    0
     0    0]
 [   0    2    0    0    0   17    0    0    0    0   12    0    0 1171
     0    0]
 [   0    0    0    0    0  122    0    0    0    0    6    1    2    0
   227    9]
 [   0    2    0    0    0    0    0    0    0    0    2   43    0    0
     0   41]]